%配色方案
color1=[209,42,32;21,29,41;80,138,178;250,192,61];
% color2=color1/256;
%尺寸说明
%宽度：9,14,19cm
%格式：eps，可以在MATLAB输出svg，AI输出eps
%分辨率：500~600dpi，不大于10M
%字体：8磅，线条不小于0.25磅，Arial Helvetica Times
%exportgraphics(obj,filename)
c1=[0.8500 0.3250 0.0980];
c2=[0.3010 0.7450 0.9330];
c3=[0.6350 0.0780 0.1840];
c4=[0.1490 0.5450 0.3410];
c5=[0.3010 0.7450 0.9330];
c6=[0.4940 0.1840 0.5560];
c7=[0.4660 0.6740 0.1880];
c8=[0.8700 0.4900 0.6820];
c9=[0.0000 0.4470 0.7410];
c10=[0.9290 0.6940 0.1250];
color2=[c1;c2;c3;c4];
color1=[246 83 20;124 187 0;0 161 241;255 187 0];
color2=color1/255;
color1=[92 158 173;210 204 161;206 190 190;237 177 131];